# check math functions

a=0.1
b=0.9
c=1200

# 10 based logarithm
log10(c)	: 3.079181
log10(b)	: -0.045757
# natural logarithm
log(c)		: 7.090077
log(b)		: -0.105361
# random number
rand()		: 282475249

print("end test")



